en_results_title_match,en_results_author_match,en_results_both_match
False,False,False
False,False,False
False,False,False
False,False,False
False,False,False
False,False,False
False,False,False
False,False,False
False,False,False
False,False,False
False,False,False
False,False,False
False,False,False
False,False,False
False,False,False
False,False,False
True,False,False
False,False,False
False,False,False
False,False,False
False,False,False
False,False,False
False,False,False
False,False,False
False,False,False
False,False,False
False,False,False
False,False,False
False,False,False
False,False,False
False,False,False
False,False,False
False,False,False
False,False,False
True,False,False
False,False,False
False,False,False
False,False,False
False,False,False
False,False,False
False,False,False
False,False,False
True,False,False
False,False,False
False,False,False
False,False,False
False,False,False
False,False,False
False,False,False
False,False,False
False,False,False
False,False,False
False,False,False
False,False,False
False,False,False
False,False,False
False,False,False
False,False,False
False,False,False
False,False,False
False,False,False
False,False,False
False,False,False
True,False,False
False,False,False
False,False,False
False,False,False
False,False,False
False,False,False
False,False,False
False,False,False
False,False,False
False,False,False
False,False,False
False,False,False
False,False,False
False,False,False
False,False,False
False,False,False
False,False,False
False,False,False
False,False,False
False,False,False
False,False,False
False,False,False
False,False,False
False,False,False
False,False,False
False,False,False
False,False,False
False,False,False
False,False,False
False,False,False
False,False,False
False,False,False
False,False,False
False,False,False
False,False,False
False,False,False
False,False,False
False,False,False
False,False,False
False,False,False
False,False,False
False,False,False
False,False,False
False,False,False
False,False,False
False,False,False
False,False,False
False,False,False
False,False,False
False,False,False
False,False,False
False,False,False
False,False,False
False,False,False
False,False,False
False,False,False
False,False,False
False,False,False
False,False,False
False,False,False
False,False,False
False,False,False
False,False,False
False,False,False
False,False,False
False,False,False
False,False,False
False,False,False
False,False,False
False,False,False
False,False,False
False,False,False
False,False,False
False,False,False
False,False,False
False,False,False
False,False,False
False,False,False
False,False,False
False,False,False
False,False,False
False,False,False
False,False,False
False,False,False
False,False,False
False,False,False
False,False,False
False,False,False
False,False,False
False,False,False
False,False,False
False,False,False
False,False,False
False,False,False
False,False,False
False,False,False
False,False,False
False,False,False
False,False,False
False,False,False
False,False,False
False,False,False
False,False,False
False,False,False
False,False,False
False,False,False
False,False,False
False,False,False
False,False,False
False,False,False
False,False,False
False,False,False
False,False,False
False,False,False
False,False,False
False,False,False
False,False,False
False,False,False
False,False,False
False,False,False
False,False,False
False,False,False
True,False,False
False,False,False
False,False,False
False,False,False
False,False,False
False,False,False
False,False,False
False,False,False
False,False,False
False,False,False
False,False,False
False,False,False
False,False,False
False,False,False
False,False,False
False,False,False
False,False,False
False,False,False
False,False,False
False,False,False
False,False,False
False,False,False
False,False,False
False,False,False
False,False,False
False,False,False
True,False,False
False,False,False
False,False,False
False,False,False
False,False,False
False,False,False
False,False,False
False,False,False
False,False,False
False,False,False
False,False,False
False,False,False
False,False,False
False,False,False
False,False,False
False,False,False
False,False,False
False,False,False
False,False,False
False,False,False
False,False,False
False,False,False
False,False,False
False,False,False
False,False,False
False,False,False
False,False,False
True,False,False
False,False,False
False,False,False
False,False,False
False,False,False
False,False,False
False,False,False
False,False,False
False,False,False
False,False,False
False,False,False
False,False,False
False,False,False
False,False,False
False,False,False
False,False,False
False,False,False
False,False,False
False,False,False
False,False,False
False,False,False
False,False,False
False,False,False
False,False,False
